k_rgb: 7.0597159090909090e-01 0.0000000000000000e+00 5.0542182179752071e-01 0.0000000000000000e+00 1.1240506990131578e+00 5.0572287664473681e-01 0.0000000000000000e+00 0.0000000000000000e+00 1.0000000000000000e+00
k_depth: 9.4107589285714277e-01 0.0000000000000000e+00 4.9483928571428570e-01 0.0000000000000000e+00 1.2327543859649122e+00 5.1265321637426908e-01 0.0000000000000000e+00 0.0000000000000000e+00 1.0000000000000000e+00
d_rgb: -1.5508400000000000e-01 1.4710906000000001e-01 7.8379000000000003e-04 1.8019999999999999e-04 -8.7845110000000004e-02
d_depth: 3.9039400000000002e-01 -4.4173999999999998e+00 2.5391299999999999e-15 -7.1255299999999996e-16 7.7242300000000004e+00
r_rgb: 7.0651137519783580e-01 -7.0726022672216338e-01 -2.4992855046998025e-02 -3.3914245032806928e-01 -3.0736452515081014e-01 -8.8910597771706723e-01 6.2114738337755282e-01 6.3663963249803546e-01 -4.5701850423565132e-01
t_rgb: 3.6795674688844432e-01 2.2296590143369417e+00 7.0833357792840745e-01
r_depth: 7.2619356494119836e-01 -6.8560948920304809e-01 -5.0818643751406406e-02 -3.5472283991210829e-01 -3.1034774569926660e-01 -8.8196144109823482e-01 5.8890968160040102e-01 6.5850125668378345e-01 -4.6857388090160862e-01
t_depth: 4.1593687573848037e-01 2.2154450028557973e+00 7.2608380753663360e-01
