k_rgb: 6.6609589127469659e-01 0.0000000000000000e+00 5.1852759541182702e-01 0.0000000000000000e+00 1.0604184803209806e+00 5.1942085197133503e-01 0.0000000000000000e+00 0.0000000000000000e+00 1.0000000000000000e+00
k_depth: 9.4503124884782796e-01 0.0000000000000000e+00 5.3700048046124282e-01 0.0000000000000000e+00 1.2346858791191591e+00 5.5487171654626766e-01 0.0000000000000000e+00 0.0000000000000000e+00 1.0000000000000000e+00
d_rgb: 0.0000000000000000e+00 0.0000000000000000e+00 0.0000000000000000e+00 0.0000000000000000e+00 0.0000000000000000e+00
d_depth: 0.0000000000000000e+00 0.0000000000000000e+00 0.0000000000000000e+00 0.0000000000000000e+00 0.0000000000000000e+00
r_rgb: 7.0651137519783580e-01 -7.0726022672216338e-01 -2.4992855046998025e-02 -3.3914245032806928e-01 -3.0736452515081014e-01 -8.8910597771706723e-01 6.2114738337755282e-01 6.3663963249803546e-01 -4.5701850423565132e-01
t_rgb: 3.6795674688844432e-01 2.2296590143369417e+00 7.0833357792840745e-01
r_depth: 7.2619356494119836e-01 -6.8560948920304809e-01 -5.0818643751406406e-02 -3.5472283991210829e-01 -3.1034774569926660e-01 -8.8196144109823482e-01 5.8890968160040102e-01 6.5850125668378345e-01 -4.6857388090160862e-01
t_depth: 4.1593687573848037e-01 2.2154450028557973e+00 7.2608380753663360e-01
